4.590360961611844
5.251657283869075
5.401892486644197
3.8674699595140907
3.2962962962962963
3.2222222222222223
2.5026157127511763
3.305028112706396
3.6841046972944587
3.2857142857142856
3.2262404756773053
3.2024067208915
2.8061673633517175
3.9451693693362335
3.4726277160197276
3.1322115760236375
3.4146710022857594
3.1161049084219057
3.0909087216878874
3.4761904761904763
3.816326318589072
3.1428569871551852
3.0865383653254397
3.180198409221193
3.75496638429707
3.5621300633718223
2.961538655373617
1.0313723901098746
2.536977484024225
3.1818181818181817
2.8252787753539086
10.206349681739978
4.86768493168728
2.9545455910873057
2.8494622247422154
2.5
2.3442621186866885
1.1428571428571428
1.2
3.1914355760498934
3.235294117647059
2.7633274724992583
3.2459016076423004
1.2974357483308614
2.9565217391304346
2.9275793992642716
2.8271604975763167
2.357142857142857
3.576519645571946
2.9436011086308054
3.5068495103993493
3.6359448310999993
3.75
3.663013758520583
1.680851073945361
3.7470417998936996
3.576738444972034
1.434782608695652
3.348718189645324
2.054545322947633
3.1800200180099893
3.7222222222222223
3.4632353615542684
4.0
3.7986351690008853
3.6830597443255937
2.736842059663548
3.6666666666666665
2.033333333333333
3.0262361716410138
3.3836781714425217
3.1866949625493395
2.6976239468146734
2.4563757982815226
3.2991457448831505
2.2244896533704783
2.0847458366391725
2.2222222222222223
2.402542291676134
2.8072776914748387
3.1413506805081934
1.1481481481481481
2.888888888888889
3.4570314232005135
1.2896552313785634
3.732300755181372